$ANSIBLE_VAULT;1.1;AES256
64313564376536633539333536656132303165656464336461303335653662303464653365623436
6263656433343433346432656336386262323434653966340a316230623465653664343739323632
31636237343064633362376330393534376233613763323930666233313338346262363765323335
3937373434343863370a323965313366323964373634653635306330366564663535393431656266
65626234633032333232656535653631656632643339373461323866653538643337666533346633
63663237383262663264323438343035663838393663646630663039666338343465356132363034
32356338613965623632653062346635336365386639363632343833643561633230303864656164
37643564613932303030353839323831383436396139653563356130316161643063326435633761
63643836396230616237343838303035366235393862373930646238343531316434316135313162
38363733353831333536393931643635643061346261643439386337656437306666313031666530
31633165636361656430623731663165353164343935663235636661303465363537306634633938
61313537373930336335633536346163633134346463353563623930636131336531653439333462
66386366323064616264643963623833643663623134373638303130636263393437386563646662
39643062653235356338643265366561353834383934323737623630396635383961623061636164
61343132356536383766346430396231303661323834323931336364383335616132636436336563
63633563366630613565626664393836393632363764323631316135323134613663376230356135
65306566376339633464323036363962353763343965626331353434356562316661
